time,x,y,z,phi,theta,psi,x_velocity,y_velocity,z_velocity,phi_velocity,theta_velocity,psi_velocity,rotor_speed1,rotor_speed2,rotor_speed3,rotor_speed4
0.06,7.88206977556e-08,1.74473354931e-06,10.0040165148,0.00108206875374,6.28305551502,0.0,9.15030508817e-06,0.000130667442133,0.133876751018,0.040460554655,-0.00688496207325,0.0,448.07089399621714,447.510965807172,445.5975051976734,448.8923022671508
0.12000000000000001,4.79686446142e-06,4.10468987686e-05,10.0149553276,0.00315691507765,6.28272724392,0.0,0.000185614434548,0.00141189301905,0.230734602775,0.0189785045685,-0.00278368701046,0.0,436.3637276886798,436.70599250733864,436.2238394492638,434.4271040070549
0.18,2.59713893624e-05,0.000194559280759,10.0315952226,0.00412891800206,6.28220937422,0.0,0.000550946789788,0.00381238421923,0.323905703264,0.00996667075131,-0.0241196874317,0.0,435.3766464892153,433.588236409231,435.4919797294097,434.73757883998536
0.23999999999999996,8.31031886999e-05,0.000508092566584,10.0533480553,0.00483860689692,6.28137810063,0.0,0.00146048442419,0.00670334900165,0.401163775122,0.0153128690786,0.00129310596899,0.0,428.4511598906803,430.6060061723135,429.7449712323907,430.19770623699105
0.3,0.000210115479568,0.0010217932341,10.0820276136,0.00571413092017,6.28188243901,0.0,0.00273802671486,0.0105183695228,0.554758471337,0.0131100810091,0.019782292785,0.0,453.5711465236316,455.0532870213474,453.3399592292815,453.16284290520576
0.36000000000000004,0.000395861605453,0.00176947310104,10.1174049675,0.0071681741018,6.28278000118,0.0,0.00334952725259,0.0145193398338,0.62445008516,0.0403132617334,0.00295400632034,0.0,428.5731918463314,427.1406044010141,426.0074840181446,428.32700130814055
0.4200000000000001,0.000604544032781,0.00279652048216,10.157678305,0.00918049550863,6.28270903385,0.0,0.00359949846729,0.0199446660996,0.717938077714,0.0143947976505,-0.0111038741804,0.0,435.36200895699494,434.1843891545796,436.81746029114663,434.6514645089133
0.48000000000000015,0.000830816466483,0.00419153887191,10.2043163385,0.0101903808702,0.000273611651973,0.0,0.00391668546646,0.0266537311003,0.836582268331,0.0213063338164,0.0388813185137,0.0,440.9778976054402,445.08720063722006,443.3429884847113,443.9103455185719
0.5400000000000001,0.00105411403305,0.00596466585651,10.2535389586,0.0112229450676,0.00242144237158,0.0,0.00334122006117,0.0325472479862,0.804194125641,0.00740596466225,0.0287801857243,0.0,393.9444577825328,393.01019004409756,393.96610212333366,392.6788835342977
0.6000000000000002,0.00119850972323,0.00814757851721,10.3044774564,0.0112281230834,0.00443805919329,0.0,0.00128269948378,0.040245275923,0.893688687903,-0.0215325538153,0.0418460475156,0.0,433.81342814798154,434.90949502507226,435.3380456809379,432.9101924691641
0.6600000000000003,0.00116391594002,0.0108100595155,10.3629975982,0.0098095778638,0.00760804514332,0.0,-0.00275817189467,0.0483519749908,1.05684564568,-0.0282361085764,0.0687630506376,0.0,455.7475549366503,457.8952575269828,458.12307845467484,457.58976639006573
0.7200000000000003,0.000795429000922,0.0139419410094,10.4329774281,0.00863720625339,0.0118801385627,0.0,-0.0100254797031,0.0558752908614,1.27559406881,-0.00619580488161,0.0756776636011,0.0,474.8261719610951,475.3597952656581,472.5033002454916,474.19921360924855
0.7800000000000004,-6.74566520728e-05,0.0174706728222,10.5123782115,0.00865631629693,0.0166759915554,0.0,-0.0192100992261,0.0617326093115,1.37098249353,0.0109095776438,0.0873057579091,0.0,436.2350865197059,437.21009367998005,436.74851546448417,438.1727216127918
0.8400000000000004,-0.00162208160977,0.0213744757184,10.5997622957,0.00926865936258,0.0218318832938,0.0,-0.033191515126,0.0684633580459,1.54159405945,0.00875946758422,0.0830328342035,0.0,460.7592364636579,460.4271341878993,460.78681749457513,460.6167013397725
0.9000000000000005,-0.00409303373378,0.0256791790207,10.6956358985,0.00979071806815,0.0273629631603,0.0,-0.0497204047624,0.07507944647,1.65402246664,0.00858374109713,0.106058964819,0.0,442.21252228966983,444.11201942175296,443.3170180362643,443.3024597456325
0.9600000000000005,-0.0076624194575,0.0303868886469,10.7977533715,0.0103976043967,0.0335262679252,0.0,-0.0698909618384,0.0818995128436,1.7497311629,0.0130133296879,0.0950418749129,0.0,438.27409380519816,437.3668200484124,438.6715696283837,439.0390944066607
1.0200000000000005,-0.012503791235,0.0354979235202,10.9037953379,0.0109833164956,0.0395919901647,0.0,-0.0920319549269,0.088531411282,1.7849250479,0.00230298397125,0.11105651195,0.0,418.47534498251645,419.87632799134076,419.39681476960385,418.4654859594684
1.0800000000000005,-0.019019389453,0.0410781024349,11.0175599204,0.0115927893127,0.0460056094616,0.0,-0.125926656287,0.0975189227465,2.00682905543,0.0224764822264,0.0969077334022,0.0,478.5193287023553,477.4501988969533,475.7189677501531,477.2609829382114
1.1400000000000006,-0.0275957589379,0.0471855853165,11.1419743047,0.0129734458937,0.0517898748183,0.0,-0.160561101533,0.106206370287,2.14004199081,0.0240588806874,0.0953791098294,0.0,451.0240658554521,450.90838386866386,451.90725263041605,452.03481257334505
1.2000000000000006,-0.0382756911537,0.0538196052563,11.2724902381,0.0145238781529,0.0577069592986,0.0,-0.19599842742,0.115071546912,2.21031847525,0.0291844482366,0.104411412488,0.0,431.71504948494334,432.48507785650577,432.106251645551,432.5382537913243
1.2600000000000007,-0.0513229711302,0.0610477391809,11.4092859333,0.0160333266736,0.0641774842843,0.0,-0.239581795369,0.126038584681,2.34921235801,0.0155571404197,0.113941128694,0.0,453.1730910944073,453.9483432942549,455.35234538110046,454.26103123966146
1.3200000000000007,-0.0670823926019,0.0689517880277,11.5536842557,0.0169966617089,0.0716960097953,0.0,-0.286470933046,0.13752337142,2.46376450004,0.0170342398054,0.141634449535,0.0,446.72098286452376,448.9870695012477,446.78305772092517,446.9033733217818
1.3800000000000008,-0.0856151003123,0.0775173776653,11.7021580903,0.0177231358495,0.080272700795,0.0,-0.332054622126,0.148075256556,2.48524748855,-0.000227784950706,0.145441838238,0.0,416.9997855301437,417.3527405760539,419.5299984181812,418.0284239655685
1.4400000000000008,-0.107439093115,0.0868123304502,11.8567606412,0.0182138260728,0.0890822300679,0.0,-0.3963797465,0.161778656589,2.66766336063,0.0211737097295,0.149455309199,0.0,469.19693911351425,469.5273438647263,467.75848956529603,469.42205249138453
1.5000000000000009,-0.132995644002,0.0968779758983,12.0186417691,0.0195407754361,0.0979138924889,0.0,-0.456348746683,0.173862995095,2.72813247947,0.0239362561216,0.142245150753,0.0,432.7975064861145,432.21117203782103,431.7636259073129,431.9966655121261
1.560000000000001,-0.162446850017,0.107719568926,12.1853927169,0.0206391393083,0.106309403968,0.0,-0.526200022608,0.187649040703,2.82987266101,0.00360019924467,0.134833161692,0.0,445.4629077474261,444.87452677670495,447.4450899319209,445.7864074376829
1.620000000000001,-0.196324068341,0.119418254607,12.3588035082,0.0212056108973,0.11422232522,0.0,-0.603849339298,0.202340964966,2.95006313184,0.0191169351142,0.125215900034,0.0,452.7985114014958,452.0397583277132,451.8001562088898,453.04937577823574
1.680000000000001,-0.235292727292,0.132062611245,12.5416882849,0.0227259084009,0.122109021872,0.0,-0.695942837284,0.219280305971,3.14543219904,0.0355337435564,0.141642675284,0.0,475.5058676094708,476.7770248664809,475.3274202804566,476.58392812361336
1.740000000000001,-0.27953456256,0.145680033993,12.7327091229,0.0249774636625,0.130687461529,0.0,-0.779600332539,0.234841100423,3.22156581164,0.0412381856174,0.145509012642,0.0,440.93644816992514,441.27496307003094,440.44818614975986,440.9204016745317
1.8000000000000012,-0.328902608954,0.160263946186,12.9277728354,0.0276387643811,0.139780069753,0.0,-0.866836404825,0.251527215964,3.28022212372,0.0499538819225,0.161474814235,0.0,435.69798919163003,437.05268592340457,435.43559302066825,436.1652796158693
1.8600000000000012,-0.384037688431,0.175971597369,13.128796967,0.0301139021045,0.149336773235,0.0,-0.971979232612,0.272351404125,3.41995215139,0.0115907212935,0.154484513473,0.0,463.0559924659888,462.5287077606678,463.29560074735394,460.2700204060337
1.9200000000000013,-0.44553596684,0.19294090202,13.337144885,0.0306677792887,0.159838941438,0.0,-1.07894642199,0.293339024371,3.52442927019,0.00403684062531,0.199334385484,0.0,451.1768014933011,454.81056171499455,452.7693557041683,452.1610681176815
1.9800000000000013,-0.512828850031,0.211017824335,13.5465142704,0.0306889458133,0.171721933884,0.0,-1.16510203736,0.309234729233,3.45454746661,-0.00828014392924,0.195353232243,0.0,396.4141466517909,396.09171126081264,396.0026378761543,394.86792973699283
2.0400000000000014,-0.58616581574,0.230165531549,13.7555716306,0.0304792566077,0.18397412233,0.0,-1.28058351259,0.328973438371,3.51355535028,0.004677209184,0.21771155946,0.0,438.87774552108374,440.770448499865,438.93238288955274,440.0065116642782
2.1000000000000014,-0.666685935091,0.250496007954,13.9681730608,0.0309943194712,0.196590820035,0.0,-1.40462024392,0.348730518312,3.57262905819,0.0154345256769,0.18817771777,0.0,442.6082238904878,440.2137407996088,439.65528715064266,440.5456059794921
2.1600000000000015,-0.755231221716,0.272076243134,14.1859622407,0.0327882716995,0.207403372024,0.0,-1.5479699017,0.370737835499,3.68627552409,0.0492795951219,0.155293054465,0.0,459.8716448003134,457.2886454064037,458.4230470224033,461.1049369580176
2.2200000000000015,-0.851882037841,0.294906460853,14.4071305295,0.0354680592611,0.216928529971,0.0,-1.67454698512,0.3905057738,3.68569324325,0.0333075086296,0.164895001122,0.0,423.95454782496967,424.8039426628912,423.85789734972025,422.4841143324711
2.2800000000000016,-0.957475363048,0.319154568889,14.6334924524,0.0369640550916,0.227285073981,0.0,-1.8462393192,0.417935642724,3.85868407079,-0.00249464066856,0.1847372824,0.0,478.2510799139678,479.7860025914646,481.39896975291776,478.68210983841954
2.3400000000000016,-1.07216958841,0.34484166168,14.8639721875,0.0369212840624,0.23931674175,0.0,-1.97788445744,0.438280849488,3.82371062526,0.00263198236566,0.221068663327,0.0,413.68092061214054,416.90896698679967,414.46459302292175,414.9149848259991
2.4000000000000017,-1.19583218372,0.371875981808,15.0957784972,0.0373303180703,0.252479934859,0.0,-2.1454262387,0.462859778712,3.90235559327,0.0140933289124,0.215797315495,0.0,453.6711307445531,453.29420864158874,452.81958639141817,453.74063230162665
2.4600000000000017,-1.3295241829,0.400350331885,15.3311092933,0.0382616686226,0.265701942709,0.0,-2.31213969056,0.486339680082,3.94131325571,0.0182376185544,0.228206959438,0.0,441.56163916837585,442.6324137336,442.4469506930415,442.7879563200416
2.520000000000002,-1.47417467049,0.430347879054,15.5712371249,0.0405071200685,0.279157000172,0.0,-2.51082060984,0.51372412593,4.06181901638,0.0607388977754,0.214874566565,0.0,470.5312357591522,469.54458885698836,468.0392651481889,471.3362324945867
2.580000000000002,-1.6317421206,0.462141090845,15.8209372631,0.0444328847067,0.292348328034,0.0,-2.74268647424,0.546426388615,4.25995040561,0.0734582037877,0.228298873584,0.0,495.4074149089538,496.43570480852134,494.9169866716983,495.85499083250505
2.640000000000002,-1.80297065363,0.495901834933,16.0805276734,0.0484254740642,0.305751027252,0.0,-2.96616756341,0.579323072004,4.39168967708,0.0467988921845,0.211091382365,0.0,480.06370882523674,478.80130201656755,479.5082933463894,477.48133338430006
2.700000000000002,-1.98687431793,0.531552741668,16.3446860742,0.0509883777128,0.318102773708,0.0,-3.16501613727,0.609241094988,4.41274978008,0.03295226559,0.192566093524,0.0,447.5990143007832,446.12968817274265,447.0866538644169,445.95786482888064
2.760000000000002,-2.18313032116,0.569066850197,16.6105823233,0.0529561289883,0.329897513573,0.0,-3.37783433799,0.641360337724,4.44951527815,0.0324812460298,0.203581482513,0.0,452.8029945960581,453.725195389676,454.1551044780536,454.1177038100743
2.820000000000002,-2.39143566047,0.608392477958,16.8758204309,0.0557385773021,0.342245814017,0.0,-3.5666833194,0.66965592877,4.39123308995,0.0652210107173,0.2099108505,0.0,422.9908356277955,423.57951092031874,422.7807805429355,425.59402435530393
2.880000000000002,-2.61267049465,0.649677578717,17.1413281707,0.0598160208049,0.354674199269,0.0,-3.80884744451,0.706828223205,4.45775099294,0.0729320412777,0.20093693646,0.0,467.6157803122452,466.9559266725518,466.01862907716657,466.62428723541433
2.940000000000002,-2.848474094,0.69323168444,17.4101215224,0.0639972609334,0.367315070262,0.0,-4.0522764113,0.7453003127,4.50080595234,0.062250929804,0.225225068118,0.0,461.0900334492395,463.04631390750654,462.4060113699254,461.5671467526327
3.000000000000002,-3.09886305391,0.739116117183,17.6806512144,0.0677202273601,0.380787253997,0.0,-4.2950982881,0.784434315057,4.51566572729,0.0616435736925,0.223124969669,0.0,455.7261492153257,455.6068802884481,455.48541667227516,455.43949836260146
3.0600000000000023,-3.3643613202,0.787453967786,17.952630831,0.0716740346821,0.394736055207,0.0,-4.55591580709,0.827082052102,4.54892961144,0.0732725000784,0.246576334606,0.0,463.79032047075236,465.6793709014206,463.43734690855456,464.3536435631411
3.1200000000000023,-3.64540428688,0.838349328198,18.2255390075,0.0765879242435,0.409797301578,0.0,-4.8133269788,0.869737770572,4.54667379192,0.0951513459069,0.258672966535,0.0,455.08585122843317,456.1145223419686,455.05263287572956,456.8060917961013
3.1800000000000024,-3.94162789585,0.891784352308,18.4969023219,0.082061972751,0.425362087805,0.0,-5.06195860203,0.911784307769,4.4975986174,0.0819548004231,0.260850633094,0.0,443.89568813243307,444.14214485880984,442.3601274323082,441.27884125913124
3.2400000000000024,-4.25119558222,0.947479840308,18.761131476,0.0868796229145,0.440824078783,0.0,-5.25814027561,0.944987910917,4.30969093342,0.0767492809422,0.250525019716,0.0,395.01817757534184,394.1404784853174,394.6680541061495,394.1932505839457
3.3000000000000025,-4.57342138864,1.005338196,19.0153777805,0.0921931913001,0.455679091007,0.0,-5.48384665924,0.983888399829,4.1644927704,0.105350120828,0.240950105345,0.0,413.5800463302299,412.80206596757324,409.56833839130064,412.1117270819481
3.3600000000000025,-4.91138063439,1.06596241078,19.2647346369,0.0988606178911,0.470464644198,0.0,-5.7824870908,1.03731308376,4.14577546927,0.120698795063,0.255574662822,0.0,458.47359659366833,459.6926527089063,459.22202978591946,460.44852236974316
3.4200000000000026,-5.266166107,1.1296206009,19.5101025243,0.105946332938,0.485872634132,0.0,-6.04479174011,1.08501271068,4.03201074968,0.112306638222,0.259139064976,0.0,429.6129290997235,429.98382673019864,429.6677271581679,428.96851254218154
3.4800000000000026,-5.63675867429,1.1961848879,19.7481220205,0.113651860575,0.501870162295,0.0,-6.30940094158,1.13416504712,3.90081424368,0.149258967441,0.278458538155,0.0,424.5409611549533,426.2702849334715,425.0285377630561,428.19948503714716
3.5400000000000027,-6.02502968972,1.2661092404,19.9808568347,0.123499702844,0.518178617372,0.0,-6.63400995791,1.19718166019,3.85504067115,0.183864010944,0.253248260767,0.0,461.33220190289,459.40788512313253,458.7093744392423,461.47349977042325
3.6000000000000028,-6.43173352111,1.33965961056,20.2082940561,0.134504772862,0.533440195957,0.0,-6.92378712538,1.25506564041,3.72476678527,0.182511631485,0.256490116755,0.0,433.0077953027092,433.3472856087378,435.2327760847163,435.15291589190053
3.660000000000003,-6.85505504938,1.4165723588,20.4260012543,0.145353500489,0.548667770434,0.0,-7.1879853109,1.30917904288,3.53104756089,0.177181811692,0.247778720725,0.0,413.42571327311396,412.7271983907815,413.74878503644896,413.3134134695742
3.720000000000003,-7.29712320341,1.49746717392,20.6361766333,0.156082491793,0.563939543967,0.0,-7.54842410968,1.38781872253,3.47254140053,0.181896030113,0.265414034922,0.0,468.3429341127398,469.77374160461096,465.68522570619183,466.08314722958585
3.780000000000003,-7.75999185436,1.58293446857,20.8408414587,0.167086315646,0.579647658245,0.0,-7.88140807162,1.46152956179,3.34765913141,0.186237589881,0.253390983764,0.0,448.934129173801,448.0254389884609,448.83217968056266,449.21666632583003
3.840000000000003,-8.2404907984,1.67226662884,21.0338417055,0.177966679528,0.594759660491,0.0,-8.13628868458,1.51657088545,3.08472620095,0.169118117753,0.248636632174,0.0,398.15596317562904,397.79237989418687,399.44337361618756,397.9142765157535
3.900000000000003,-8.73779315591,1.76530889186,21.2127415068,0.188079405879,0.61022235708,0.0,-8.44137151645,1.58511575804,2.87704924018,0.167376446312,0.271479691943,0.0,422.7620779495009,424.7957702537762,425.125658678893,425.0049673019217
3.960000000000003,-9.25514879008,1.86293426375,21.3810366341,0.198056045361,0.626689869804,0.0,-8.80456322158,1.66926105938,2.73047493161,0.163986456856,0.279823052588,0.0,452.8980123536184,453.6431600358276,453.37458858194134,453.12787938723295
4.020000000000002,-9.7941032481,1.96554940095,21.5396029558,0.207836056577,0.64401784989,0.0,-9.16133304548,1.75135799254,2.55277967231,0.160953757177,0.302449332715,0.0,445.80773350349864,447.73648398498295,447.86810943712095,447.6463961043676
4.080000000000001,-10.355293923,2.07329431624,21.6879139805,0.217704645322,0.661846591064,0.0,-9.54564933746,1.84015772363,2.38823127882,0.170718421678,0.283613982516,0.0,459.77303273684623,458.36418435155997,458.2970596166725,459.09755145973133
4.14,-10.9424264293,2.18713752305,21.8292487904,0.228218483935,0.678492210497,0.0,-10.0255800319,1.9545583515,2.31917414059,0.182988521663,0.260722042274,0.0,503.3457160451688,501.7533615101166,501.68632637182327,502.60225064106515
4.199999999999998,-11.5552233751,2.30694566309,21.9619025639,0.239233949095,0.694790767169,0.0,-10.4014640169,2.03902757589,2.10010504683,0.184767994697,0.287477154367,0.0,451.9026772387193,454.1267666691722,453.98820349907817,454.16286997588867
4.259999999999997,-12.191651599,2.43209155573,22.0820310471,0.25052382438,0.712422553722,0.0,-10.8130773786,2.13235704496,1.90110893963,0.194205590056,0.304259688279,0.0,467.5686796559238,468.9572144458974,469.45814184413683,470.2223214875614
4.319999999999996,-12.8537935316,2.56308088434,22.1906682482,0.262533259107,0.730312243235,0.0,-11.2583317606,2.23370481437,1.71656983342,0.209971504593,0.28179943202,0.0,483.4777226825806,481.8640576867917,483.7803475395416,485.0017464860194
4.379999999999995,-13.5407085441,2.6995367297,22.2854435167,0.274698633917,0.747461529426,0.0,-11.639074319,2.31459531386,1.43984528913,0.181694412032,0.292832902383,0.0,454.21135703537385,455.17629970132197,455.92889807811144,453.70167710332595
4.439999999999993,-14.2526813085,2.84142244266,22.3652887449,0.286337557766,0.765558726731,0.0,-12.0931025964,2.41443246526,1.21797200451,0.211247436473,0.315044506736,0.0,485.14107231086916,486.8898500145747,485.5311470394849,487.77639321198563
4.499999999999992,-14.9875198312,2.9879247007,22.4267885009,0.298822173184,0.78434645084,0.0,-12.4019499167,2.46862190759,0.82988094441,0.200846677279,0.309004027164,0.0,423.0978347300787,422.68285066741026,422.6100819067577,421.757215742121
4.559999999999991,-15.7420298334,3.13791098134,22.4655715716,0.310999758891,0.80270894328,0.0,-12.7485421206,2.53040480574,0.460308592413,0.206876071115,0.299358183796,0.0,439.05004277727727,438.34544000881783,438.47916034203826,439.0209303310634
4.6199999999999894,-16.5187207946,3.29189657032,22.4828971878,0.324553711083,0.82056721138,0.0,-13.1409428928,2.60179433928,0.114103567502,0.249062099318,0.293963753688,0.0,458.1777275897056,457.83572756616,456.99096383229664,460.38950227412846
4.679999999999988,-17.3193476783,3.45016275028,22.4792079113,0.339486222483,0.838431597918,0.0,-13.5461815579,2.67300758708,-0.240388162454,0.248499531587,0.304371389081,0.0,464.20652498431843,465.1086249279667,464.30172617190334,464.31674046643565
4.739999999999987,-18.1445863054,3.61266025518,22.453908651,0.354105149513,0.857082334152,0.0,-13.9610941377,2.74265424216,-0.606432681683,0.231587047092,0.321358943246,0.0,469.3344827138321,470.7440056635032,470.1988656044363,468.94179923172544
4.799999999999986,-18.9932205624,3.7787308836,22.4048440005,0.368398677978,0.875942387863,0.0,-14.326207424,2.79203625778,-1.03210406602,0.24896285815,0.294176029757,0.0,452.9491789212033,450.85480210584717,450.8182152617952,452.27593439037656
4.859999999999984,-19.8611245477,3.94679739583,22.3276746126,0.383585791364,0.893422588682,0.0,-14.6040385562,2.80929690457,-1.54226972386,0.260335665225,0.2849666212,0.0,416.74834837136115,416.03457750080156,415.6055494938479,416.67055740300447
4.919999999999983,-20.7490413807,4.11671406148,22.221937582,0.399652089977,0.910518332654,0.0,-14.9923500544,2.85334828223,-1.98552681871,0.279540699468,0.28485403379,0.0,460.39492922403656,460.4652621253646,462.08380824693927,463.66465534264006
4.979999999999982,-21.6578947331,4.28835264498,22.0874030137,0.416506807484,0.928044861944,0.0,-15.30236036,2.86671755288,-2.50144542149,0.283516352371,0.30364457524,0.0,431.33797775489666,433.0114824981075,433.21645009035456,433.6328887234602
5.0399999999999805,-22.5872176206,4.46112929904,21.9227401763,0.433818680635,0.946808630981,0.0,-15.6738774207,2.8909370368,-2.99054341947,0.29701923821,0.326503808447,0.0,457.69078721524534,459.6030211743855,457.8904093362278,459.0452928518223
